0.016	0.000249812
0.415	0.0002493091
0.819	0.0002493742
1.225	0.000249532
1.629	0.0002496341
2.036	0.0002498023
2.442	0.00024929
2.85	0.0002491409
3.25	0.0002487705
3.656	0.0002490198
4.059	0.0002485409
4.47	0.0002482303
4.87	0.0002479219
5.282	0.0002474895
5.68	0.0002458568
6.086	0.0002434082
6.494	0.0002391026
6.893	0.0002320818
7.299	0.0002210881
7.71	0.0002066085
8.116	0.0001900325
8.516	0.000175665
8.92	0.000162167
9.326	0.0001507082
9.73	0.0001419219
10.14	0.0001320551
10.544	0.0001206833
10.951	0.0001102409
11.354	9.62424e-05
11.756	8.868539e-05
12.159	8.03936e-05
12.568	7.36658e-05
12.972	6.673545e-05
13.374	5.918011e-05
13.784	5.027626e-05
14.186	4.126659e-05
14.59	3.403288e-05
14.996	2.934901e-05
15.4	2.556075e-05
15.811	2.373413e-05
16.21	2.268602e-05
16.616	2.212475e-05
17.026	2.158186e-05
17.424	2.120428e-05
17.832	2.107371e-05
18.247	2.079229e-05
18.644	2.085672e-05
19.044	2.106173e-05
19.448	2.077211e-05
19.853	2.070831e-05
20.267	2.077995e-05
20.666	2.049276e-05
21.072	2.032233e-05
21.48	2.039549e-05
21.884	2.052811e-05
22.293	2.04687e-05
22.694	2.027466e-05
23.107	2.019526e-05
23.502	2.022469e-05
23.901	2.018929e-05
24.324	2.005863e-05
24.713	2.013304e-05
25.118	2.043903e-05
25.524	2.05234e-05
25.934	2.041225e-05
26.336	2.035081e-05
26.74	2.03376e-05
27.157	2.039512e-05
27.555	2.051197e-05
27.96	2.059181e-05
28.365	2.066947e-05
28.768	2.068832e-05
29.17	2.071224e-05
29.572	2.075621e-05
29.982	2.084765e-05
